  -5.5126812e+00   8.0561337e-01
  -4.6605550e+00   3.2099664e+00
  -4.1435228e+00   2.8855524e+00
  -2.5141796e+00  -3.8194038e+00
  -4.2185205e+00   1.9069701e+00
  -6.7589462e-01  -5.5313327e+00
  -1.9790768e+00  -4.5657675e+00
  -1.5707761e+00  -5.8695479e+00
  -4.0756532e+00   4.1097185e+00
  -6.1475981e+00  -3.2049187e-01
  -5.1177919e+00   2.6718212e+00
  -4.4788622e+00  -2.2497596e+00
  -3.6497310e+00   1.5962974e+00
  -1.4915533e+00   3.9739329e+00
  -5.3578597e+00   5.7981624e-01
  -4.9503384e+00  -8.4353318e-01
  -4.1420048e+00   3.3799731e+00
  -3.8067764e+00  -1.9211861e+00
  -3.2750992e+00  -3.7773228e-01
  -3.9678527e+00   3.6058510e+00
  -5.7043519e+00   6.9057229e-01
  -2.0278235e+00   3.6011142e+00
  -3.7554326e+00  -5.4121450e+00
  -2.0322468e+00   6.0588422e+00
  -5.4686549e+00   8.5030204e-01
  -2.6864947e+00  -4.6985535e+00
  -3.8392671e+00   5.6413461e-01
  -2.9746115e+00   3.1656553e+00
  -7.9256362e-01   5.2855574e+00
  -5.3274618e+00  -2.0476140e+00
  -5.2875881e+00  -2.1855356e+00
  -3.1754816e+00  -3.2981362e+00
  -7.5654329e-01  -5.6640543e+00
  -3.3946849e+00   2.3741227e+00
  -1.0473420e+00   5.2497696e+00
  -2.8829126e+00  -4.7267162e+00
  -3.8379676e+00   3.9332027e+00
  -5.5745327e+00  -8.8448124e-01
  -3.3919819e+00  -3.9910704e+00
  -1.0423877e+00   4.7965133e+00
  -3.5759809e+00  -2.6406801e+00
  -3.9910819e-01   4.4429659e+00
  -3.5143028e-01   5.3001353e+00
  -3.2236203e+00  -4.0331748e+00
  -1.3379815e+00  -3.2997864e+00
  -1.1152892e+00  -3.9251512e+00
  -9.9012396e-01  -5.3657850e+00
  -3.6130197e+00  -4.0632839e+00
  -5.0189527e+00   1.9165974e+00
  -2.3396212e+00  -4.8155912e+00
  -4.4859568e+00  -1.9132904e+00
  -6.5420664e+00  -7.8957665e-01
  -9.4629350e-01   3.8580628e+00
  -4.3214463e+00  -7.3405465e-01
  -3.7694018e+00  -1.7764446e+00
  -3.4134956e+00   1.1880581e+00
  -2.4360118e+00   4.0992532e+00
  -4.7508110e+00  -3.2228841e+00
  -7.1893080e+00  -1.9703949e-01
  -3.7452427e+00  -3.3250550e+00
  -3.9368070e+00  -4.4525905e+00
  -8.8154249e-01  -5.2998449e+00
  -4.3725018e+00  -2.4454803e+00
  -1.8276700e+00   5.4940804e+00
  -4.7705382e+00   1.2093217e+00
  -4.1892537e-01  -5.8184638e+00
  -3.3775280e-01  -5.8291922e+00
  -5.2717370e+00  -2.0821373e+00
  -9.1967270e-01   6.6877287e+00
  -2.2435765e+00  -3.1716760e+00
  -4.1603107e+00   2.0133445e+00
  -3.7721983e+00   3.4183646e+00
  -4.6308145e+00   4.6121066e+00
  -2.5618779e+00   3.3671683e+00
  -1.3930842e+00   4.9251068e+00
  -4.7591731e+00  -2.5225980e+00
  -4.3051261e+00  -2.7233544e+00
  -4.3408482e+00   6.1891599e-01
  -4.5919247e+00  -6.5691262e-01
  -3.8964522e+00   3.3259782e+00
  -5.3053040e+00   2.2905533e+00
  -2.4362215e+00   5.5449316e+00
  -3.3732354e+00  -4.2139922e+00
  -3.3088285e+00   4.1397263e+00
  -2.8702586e+00   5.0345901e-02
  -4.8955737e+00   3.5613210e+00
  -2.2045528e+00   4.3392053e+00
  -6.0588602e-01  -4.8207134e+00
  -4.5331370e+00  -3.5791584e+00
  -5.5050187e+00  -2.9490413e-01
  -1.5588511e+00  -5.3689085e+00
  -5.4940576e+00  -1.3526010e+00
  -5.5591965e+00   1.3241046e+00
  -4.0989303e+00  -1.9876979e+00
  -4.4691220e+00   3.5983417e+00
  -1.2749181e+00   5.2981840e+00
  -2.7529041e+00  -6.6040220e+00
  -1.2280394e+00   3.3200952e+00
  -1.0172327e+00  -5.3332745e+00
  -4.0408888e+00  -1.6909905e+00
  -2.9470748e+00  -1.9814998e+00
  -4.1671204e+00  -1.9647013e+00
  -3.8753033e+00  -1.6154299e+00
  -4.1381973e+00   2.7577766e+00
  -1.4082573e+00   4.8754260e+00
  -4.0844541e+00  -2.9295105e+00
  -2.7809193e+00  -5.0585621e+00
  -1.6657039e+00  -5.9525048e+00
  -3.3306331e+00  -4.7699397e-01
  -5.7318348e+00   2.3463805e+00
  -4.4604627e+00  -1.2770767e-02
  -3.4917269e+00   3.2096944e+00
  -3.0520923e+00   5.2623131e+00
  -4.8912615e+00  -1.5272542e+00
  -5.6146687e-01   2.6109258e+00
  -3.7238328e+00  -2.9214113e+00
  -5.4369492e+00   2.6388807e-01
  -2.2201579e-01  -4.6669097e+00
  -3.3421624e-01  -5.1002684e+00
  -1.5327623e+00   4.3194964e+00
  -9.4931207e-01  -5.1584444e+00
  -1.9130608e-01   3.9440469e+00
  -3.8542634e+00  -3.6142057e+00
  -3.4660289e+00  -3.8691868e+00
  -9.5779823e-01   3.8164720e+00
  -2.6008542e+00  -4.0231664e+00
  -4.6421501e+00   6.9587899e-01
  -2.5066088e+00   3.4771357e+00
  -3.4212846e+00  -4.9273742e+00
  -3.4310058e+00  -1.1495348e+00
  -3.1833815e+00  -3.3905967e+00
  -1.0359381e+00   5.5682479e+00
  -3.4076075e+00   1.6210652e+00
  -3.4926424e+00   3.1612605e+00
  -3.5995108e+00  -2.6371145e+00
  -2.0662991e+00   5.7951785e+00
  -4.9542534e+00  -1.2682953e-01
  -2.3228155e+00   4.5149119e+00
  -2.7127372e-01   4.7125644e+00
  -8.7974948e-01   4.2551867e+00
  -3.0364936e+00   4.5734869e+00
  -5.7345229e+00  -1.7433802e-01
  -4.5102427e+00  -2.8020637e+00
  -4.9009181e+00  -8.6451440e-02
  -5.8361495e+00  -9.0588763e-01
  -3.4989893e+00   2.1545998e+00
  -3.2535268e+00  -3.3512618e+00
  -1.8274087e+00   3.6109046e+00
  -5.3617286e+00  -2.8052306e-01
  -4.7766310e-02  -5.8249337e+00
  -4.3177245e+00   2.9582843e+00
  -5.1377989e+00  -7.9583681e-02
  -2.6490234e+00  -3.8215186e+00
  -3.8913407e+00   3.1715080e+00
  -3.5610980e+00  -4.5589910e+00
  -2.6251958e+00  -5.5790803e+00
  -5.8709361e+00  -2.7751290e+00
  -1.7412580e+00  -4.8309772e+00
  -1.2298586e+00  -3.9597267e+00
  -9.9481328e-01  -3.8375529e+00
  -5.0579619e+00  -1.7151499e+00
  -4.6768189e+00  -1.1280419e+00
  -4.3381849e+00   1.7629015e+00
  -2.0636549e+00   4.5255301e+00
  -2.9553686e+00   3.0883432e+00
  -4.7497977e+00   5.6277660e-01
  -3.1787613e+00  -4.2405404e-02
  -4.3836256e+00  -3.5537793e+00
  -7.9001386e-01  -4.6432722e+00
  -5.1095058e+00  -2.2982240e+00
  -1.1667011e+00  -4.7962257e+00
  -4.1135684e+00   5.4363203e-01
  -3.5105801e+00   3.9328343e+00
  -9.5399541e-01   4.9552440e+00
  -2.6032616e+00   3.7170559e+00
  -5.3079300e+00   1.7678513e+00
  -8.2374046e-01  -5.6743514e+00
  -2.6402672e-01   5.6027896e+00
  -2.2385337e-01  -2.4626781e+00
  -2.6963788e+00   4.3221768e+00
  -5.3672209e+00   1.3824574e+00
  -4.4146194e+00   1.6402995e+00
  -3.9582454e+00  -4.3340179e+00
  -5.1173839e+00  -7.8054534e-02
  -4.3328109e+00  -9.0099658e-01
  -3.7359335e+00  -1.8731064e+00
  -5.0289631e+00   3.2271088e+00
  -2.1267671e-01  -4.3601333e+00
  -3.0913793e+00   4.7071732e+00
  -5.4864381e+00  -1.6487722e-02
  -4.7957375e+00   8.3565264e-01
  -5.3656957e+00  -1.8865025e-01
  -7.1083290e-01   5.5713650e+00
  -6.1118915e-01  -3.2281560e+00
  -1.3042453e+00   4.9372004e+00
  -4.5850601e+00  -1.3309759e-01
  -4.5250080e+00  -4.3499188e+00
  -4.2362635e+00  -1.8755032e+00
  -3.0499922e+00   4.6363474e+00
  -4.5284253e+00  -1.7369724e+00
  -2.1886154e+00   3.8521718e+00
  -3.6593972e+00   2.4744594e+00
  -3.2008375e+00  -2.3868032e+00
  -1.9427152e+00  -2.6560273e+00
  -3.0880439e-01   3.6638816e+00
  -6.1923462e+00   1.7053214e+00
  -2.2147489e+00  -3.1575927e+00
  -2.1702904e+00   4.1997040e+00
  -4.8096440e+00   2.6286992e+00
  -4.4949473e+00  -2.2066503e+00
  -5.9441148e+00  -1.1164468e+00
  -7.2309502e-01   5.6079041e+00
  -1.8298930e+00  -3.5560189e+00
  -2.4355422e+00  -2.3709865e+00
  -2.0757464e-01   4.9089685e+00
  -4.4565141e+00  -3.0994721e+00
  -4.2060629e+00   2.4243088e+00
  -3.1337623e+00  -3.7872283e+00
  -1.6989633e+00   4.2313926e+00
  -2.8635549e+00   4.5445466e+00
  -5.5298220e+00   1.8061460e-01
  -1.2366548e+00  -5.1608834e+00
  -5.9088802e+00  -1.6877062e+00
  -4.9799820e+00   7.5444808e-01
  -3.0912752e+00  -3.1517588e+00
  -3.5556565e+00  -3.6223106e+00
  -3.6906865e+00   7.0069884e-01
  -3.7032575e+00   4.5339987e-01
  -1.1154457e+00  -4.8769349e+00
  -4.6115407e+00  -2.5724742e+00
  -1.5504853e+00   3.0369437e+00
  -3.8264943e+00   3.7142488e+00
  -1.7041097e+00   3.8792266e+00
  -6.2175546e+00  -6.0069839e-01
  -2.3844180e+00  -4.2437350e+00
  -2.7192936e+00   3.9547255e+00
  -3.5812680e-01   5.7537957e+00
  -2.9577266e+00   4.5338901e+00
  -4.5905058e+00   3.2129067e-01
  -1.7527851e+00  -5.7106400e+00
  -2.2485440e+00  -3.0288698e+00
  -6.6789383e-02  -5.4261222e+00
  -3.1560092e+00  -3.9384208e+00
  -1.9680946e+00  -5.0538716e+00
  -3.9246724e+00   2.0064981e+00
  -3.7768157e+00  -2.9177530e+00
  -4.8032484e+00   3.0863724e+00
  -3.6489909e+00  -3.3066308e+00
  -3.9027134e+00   4.0546720e+00
  -5.4835822e+00   1.2762676e+00
  -5.3135798e+00  -1.6742743e+00
  -4.2641124e+00  -1.1460312e+00
  -3.7865374e+00   3.3226159e+00
  -4.9206775e+00  -1.5361210e+00
  -1.9559884e+00   4.3442846e+00
  -6.5539079e+00  -2.7260281e-01
  -4.8549722e+00   4.7175876e+00
  -4.4636292e+00  -1.2845946e+00
  -2.8946771e+00   4.1173046e+00
  -2.1513516e+00  -3.2108099e+00
  -2.3137848e+00   4.5171945e+00
  -2.7004932e+00  -3.0991592e+00
  -4.3363678e+00  -3.6766252e-01
  -5.9662297e+00  -1.4850115e+00
  -4.0964408e+00  -4.4989607e-01
  -2.2762197e+00   5.2787724e+00
  -3.6694134e+00   2.9161760e+00
  -1.5904685e+00  -4.1208456e+00
  -6.0116116e+00   9.9223899e-01
  -1.0898417e+00   5.0655726e+00
  -2.0035801e+00  -3.8346782e+00
  -3.7242686e+00   2.7601618e+00
  -3.8818781e+00   2.8250142e+00
  -3.2415393e+00   4.8332643e+00
  -5.5540431e+00  -1.7157353e+00
  -4.8963229e+00  -1.1790143e+00
  -1.7378310e+00  -4.6055473e+00
  -2.6744978e+00   4.4793193e+00
  -5.2448785e+00   3.7367328e+00
  -4.9252700e+00  -1.4549482e+00
  -1.0227388e+00  -5.1447589e+00
  -4.4754776e+00  -5.4392777e-01
  -4.0153091e+00  -2.8928731e+00
  -4.6993468e+00  -2.2005661e+00
  -9.5722424e-01  -4.8781052e+00
  -5.8829050e+00  -1.9191020e+00
  -4.8930547e+00   6.6720962e-01
  -4.2499057e+00  -2.3913362e+00
  -3.6391194e-01  -3.3618380e+00
  -5.5132841e+00   1.3568532e+00
  -4.1080172e-01  -4.7814174e+00
  -5.0543882e+00  -2.8187357e-01
  -4.2499525e+00  -6.2788023e-01
  -3.9053385e+00   1.7530987e+00
  -2.2550920e+00  -4.6343147e+00
  -4.2704459e+00  -5.2898501e-01
  -2.1351038e+00  -4.0704295e+00
  -5.1903035e+00   1.8830842e-01
  -1.2131458e+00   5.3717735e+00
  -2.1986504e+00   4.3059618e+00
  -3.7176162e+00  -4.1569332e+00
  -3.7143456e+00   3.3724561e+00
  -4.1761380e+00  -8.4856199e-01
  -1.8237280e+00   5.1364683e+00
  -4.8246786e+00   1.4396741e+00
  -8.4163069e-01   3.6248237e+00
  -2.3776744e+00  -4.2750847e+00
  -5.7116711e+00  -7.8247697e-01
  -3.9454095e+00  -3.5139202e+00
  -7.5161181e-02  -5.3232258e+00
  -1.6015258e+00   6.3512850e+00
  -3.6812292e+00  -3.4066142e+00
  -5.4624827e-02  -2.9977366e+00
  -1.3194767e+00   6.9548308e+00
  -3.8675363e+00   6.8633003e-01
  -2.3984424e+00   4.2682847e+00
  -4.6212875e+00  -3.3803498e+00
  -4.1673940e+00   3.7498369e+00
  -1.1712211e+00   4.8677274e+00
  -3.4939632e+00   5.4734903e+00
  -2.5369436e+00   4.4047570e+00
  -3.5679642e+00  -2.0205383e+00
  -6.8598976e+00   1.6184648e+00
  -9.8048711e-01   4.7969199e+00
  -2.2309924e+00  -3.1618618e+00
  -2.3881765e+00  -5.0897408e+00
  -1.1761033e+00   4.5127830e+00
  -4.4508665e+00   1.6928454e+00
  -3.9367244e+00   1.8793236e+00
  -4.7074519e+00  -2.4469556e-01
  -1.8976394e+00  -4.5055702e+00
  -5.0709409e+00  -2.4249196e+00
  -2.6420163e+00   4.9715192e+00
  -8.1693381e-01   4.5599228e+00
  -4.1759250e+00  -4.6947715e+00
  -5.1489590e+00   8.1967039e-01
  -1.1627483e+00  -5.6970912e+00
  -1.4185698e-01  -5.2143186e+00
  -4.8452866e+00   1.2507311e+00
  -4.1674133e+00   2.8229672e+00
  -4.6572126e+00   2.0238966e+00
  -4.0151575e+00   1.9103082e+00
  -4.5017963e+00  -1.9677180e+00
  -3.2287737e+00  -1.5078391e+00
  -4.2911669e+00  -3.6234341e+00
  -3.9857094e-01  -4.3014290e+00
  -1.8351133e+00   3.2247916e+00
  -1.2721835e+00   3.3442070e+00
  -1.3923623e+00  -3.0268065e+00
  -3.0865561e+00   3.7327132e+00
  -4.4643284e+00   1.6543114e+00
  -3.4491411e+00  -1.4719736e+00
  -4.0913776e+00   2.7775255e+00
  -2.2728935e+00   4.8876529e+00
  -4.3327076e+00   3.3723644e+00
  -3.6505226e+00   5.5603338e+00
  -7.0115000e-01   4.6969601e+00
  -2.4504693e+00   5.3802832e+00
  -4.8078903e+00  -6.1175406e-01
  -4.4022731e+00  -3.7929892e+00
  -4.6318474e+00  -3.0479642e+00
  -1.0332231e+00  -5.0727183e+00
  -1.5869429e-01   5.8060671e+00
  -4.0107746e+00  -1.6235110e+00
  -3.8064730e+00  -7.6250200e-01
  -4.4236298e+00  -2.2765188e+00
  -3.4458044e+00  -4.0907747e+00
  -2.1230405e+00  -4.3873893e+00
  -4.9140545e+00  -3.0848339e-01
  -2.9124205e+00   1.5589191e+00
  -1.2085274e+00   4.6791206e+00
  -3.8769282e+00   4.1769223e+00
  -1.0377173e-01  -5.1944132e+00
  -5.7793579e+00   1.8455802e+00
  -2.6992375e+00  -4.3865446e+00
  -1.8114293e+00  -5.1367861e+00
  -1.2963847e+00   5.5746766e+00
  -5.6789862e+00   1.9284033e-01
  -2.8453800e+00  -3.7679793e+00
  -5.3609875e+00   5.5939798e-01
  -4.7068595e+00  -1.7129334e+00
  -3.7413260e+00   3.3066098e+00
  -4.5908902e+00  -2.3853392e-01
  -3.0616447e+00   3.7497957e+00
  -2.7470113e+00  -2.6217971e+00
  -4.7618331e+00   1.3427727e-01
  -4.0996922e+00  -2.8900129e+00
  -3.5197052e-01   4.8834815e+00
  -3.6868355e+00   2.6388727e+00
  -4.7542257e+00   1.1036313e+00
  -1.3830613e+00   3.8995134e+00
  -4.8596407e+00  -3.0872929e+00
  -3.8062547e-01   4.3333152e+00
  -4.7700068e+00   3.0974878e+00
  -7.5214618e-01   5.5190668e+00
  -3.5775660e+00   2.0899943e+00
  -5.7191299e+00   1.8166614e+00
  -4.6943334e+00   3.4010446e+00
  -1.3420616e+00  -5.3383621e+00
  -3.5772417e+00   3.9029747e+00
  -1.2493003e+00   4.4147516e+00
  -3.7347075e+00   3.1963221e+00
  -2.3529637e+00   4.0305353e+00
  -4.2870501e+00  -1.7055959e+00
  -3.6880777e+00  -3.4584499e+00
  -4.0118791e+00   2.6118440e+00
  -4.0633285e+00  -3.8528089e+00
  -3.4348810e+00  -3.0484352e+00
  -1.9446707e+00   4.6622729e+00
  -3.8422749e+00   2.8734326e+00
  -4.0549258e+00   3.8378370e+00
  -3.0007935e+00   1.7526309e+00
  -2.2798014e+00  -5.4565724e+00
  -3.2052598e+00  -3.1130054e+00
  -3.9676769e+00   4.2834340e+00
  -6.1901502e+00   5.4197870e-01
  -4.3589261e+00   3.9958483e+00
  -3.7682864e+00   1.2102505e+00
  -3.8340404e+00  -2.4057114e+00
  -2.5563526e+00  -5.6996874e+00
  -2.8064894e+00  -4.3158817e+00
  -4.9189590e+00   1.7908926e+00
  -4.5150620e+00  -1.5705206e+00
  -3.2058535e+00   3.8396049e+00
  -6.0979225e+00   2.9475344e+00
  -4.3857889e-01   5.4790274e+00
  -4.0840613e+00  -5.3305475e+00
  -4.0752210e+00   6.9620645e-01
  -4.4345205e-01   3.9979566e+00
  -1.3044762e+00   3.9251513e+00
  -7.7002524e-01  -6.2063288e+00
  -4.6495882e+00  -1.1748403e+00
  -3.4438759e+00   3.9952225e+00
  -1.0620696e+00  -4.0084584e+00
  -6.1203640e+00   9.5472752e-01
  -9.2346961e-01   4.5291798e+00
  -1.4373890e+00  -4.6753911e+00
  -3.7729901e-01  -5.0361664e+00
  -5.7656309e+00  -1.3641536e+00
  -3.6154238e+00  -3.7739641e+00
  -2.1347262e+00   1.8018046e-01
  -5.0622219e+00  -2.4731674e+00
  -1.7755132e+00   1.7441752e+00
  -4.9368403e+00   1.4794729e+00
  -4.9117483e+00  -2.5902278e-01
  -6.6801046e-01   3.9894326e+00
  -1.1743624e-01  -6.3479781e+00
  -4.6305470e+00   2.3627389e+00
  -4.5277378e+00   2.7380598e+00
  -5.2298601e+00  -1.6571035e+00
  -5.3591620e+00   7.7084820e-01
  -4.6923320e+00   1.3629147e+00
  -5.7636486e+00   6.0336773e-01
  -4.3629802e+00  -2.6819853e+00
  -9.0738751e-01   4.3063987e+00
  -4.9773641e+00   1.7077225e+00
  -3.8490916e+00  -3.6418910e+00
  -2.0380744e+00   4.5644331e+00
  -4.3215171e+00  -1.9824675e+00
  -2.9366122e+00   2.6116180e+00
  -3.6678607e+00  -4.0681657e+00
  -3.5193137e+00   3.9271738e+00
  -5.2943394e+00   4.9103310e-01
  -1.6799155e+00  -4.6651685e+00
  -2.7404856e+00  -4.0552971e+00
  -5.4933081e+00   4.0604944e-01
  -3.6332499e+00   3.0444082e+00
  -4.9915209e+00  -6.4453063e-01
  -4.5573030e+00  -1.3477806e+00
  -1.3615422e+00  -4.6671187e+00
  -3.8986472e+00   4.0193518e+00
  -4.6130881e+00   1.4873676e+00
  -3.3037445e+00  -2.1637177e+00
  -1.7582933e+00  -7.6142145e+00
  -2.9655326e+00  -2.9675963e+00
  -3.0810650e+00   4.8812167e+00
  -1.4402633e+00   4.3367077e+00
  -4.1325779e+00  -2.9497890e+00
  -2.8499516e+00  -3.3635447e+00
  -3.9046625e+00   2.5179869e+00
  -2.4052827e+00  -3.4416902e+00
  -4.4113303e+00  -1.3481162e+00
  -6.1968180e+00  -1.7372370e+00
  -8.8102113e-01  -4.8751926e+00
  -3.4718607e+00   2.6132274e+00
  -2.7526101e+00  -1.4110824e+00
  -2.7482059e+00  -3.6418975e-01
  -1.6299438e+00  -4.6249233e+00
  -2.7722920e+00  -1.5331454e+00
  -4.5093108e+00  -7.9061628e-01
  -5.6468684e+00   2.2333425e-01
  -1.1617004e+00  -5.5900514e+00
  -4.9340923e+00   2.2749351e+00
  -2.5403582e+00   4.4106552e+00
  -1.0990832e+00   5.0275108e+00
  -5.5235976e+00  -1.6880857e+00
  -4.5634291e+00  -1.2151130e+00
  -4.3682459e+00  -5.0244425e+00
  -4.8998131e+00   7.3540484e-01
  -1.2851191e+00   5.7903952e+00
   1.4148108e+00  -1.4232073e+01
   2.4725472e+00  -4.0548341e+00
   8.1766354e-01  -1.4231716e+01
   2.4556793e+00  -5.2821224e+00
   7.2599142e+00  -1.1053993e+01
   3.9363922e+00  -1.3981640e+01
   1.8799508e-01  -4.7618639e+00
   6.0721165e+00  -8.7560882e+00
   3.7753578e+00  -1.4548148e+01
   1.8155009e+00  -5.5174072e+00
   4.1120616e+00  -6.4302931e+00
   2.1261454e+00  -5.7253071e+00
   2.6065420e+00  -1.4174242e+01
   4.1478565e+00  -9.4720008e+00
   4.8387788e+00  -1.0423920e+01
   3.5684987e+00  -6.8059168e+00
   3.5386629e-01  -4.2018847e+00
   4.1651990e+00  -7.5924994e+00
   4.1561666e+00  -7.3046274e+00
   2.4351436e+00  -4.1004244e+00
   5.9681091e+00  -9.8557299e+00
   3.9178031e+00  -1.0396524e+01
   5.1482920e+00  -1.5317807e+01
   6.5045768e+00  -8.6310278e+00
   2.7049019e+00  -7.1064058e+00
   4.5954129e+00  -1.2430023e+01
   5.3743670e+00  -1.0893723e+01
   5.0813766e+00  -9.7477505e+00
   2.5612504e+00  -1.4752406e+01
   2.5961148e-01  -5.6835658e+00
   4.4309228e+00  -1.3245833e+01
   2.3155664e+00  -1.4386589e+01
   1.1472238e+00  -4.3948311e+00
   5.0833608e+00  -6.9098663e+00
   5.2397640e+00  -1.1207402e+01
   2.5913010e+00  -5.5287684e+00
   3.3533005e+00  -1.5616702e+01
   5.2076852e+00  -1.0982536e+01
   3.6142584e+00  -6.3298666e+00
   4.5954534e+00  -8.2553373e+00
   4.6497087e+00  -1.4529477e+01
   3.9945656e+00  -1.2028890e+01
   4.9840135e+00  -8.1521761e+00
   5.4865293e+00  -1.3067523e+01
   3.2074546e+00  -8.5397272e+00
   3.9973872e+00  -9.7912897e+00
   5.5090493e+00  -9.6614693e+00
   5.1967605e+00  -7.8196594e+00
   8.1096475e-01  -4.9628938e+00
   3.5855891e+00  -1.4238908e+01
   5.8190267e-02  -6.5427544e+00
   1.7191527e+00  -5.7592438e+00
   3.6945022e+00  -8.4568025e+00
   2.6477431e+00  -1.3372172e+01
   8.7195395e-01  -6.7912526e+00
   2.1541551e+00  -1.4801004e+01
   4.7091355e-01  -5.3219526e+00
   5.2474695e+00  -7.9241707e+00
   2.9584662e+00  -8.5990909e+00
   1.7493597e-01  -1.4101139e+01
   3.5629947e+00  -5.4205051e+00
   1.6877341e+00  -4.8302696e+00
   2.5652256e-02  -1.3748626e+01
   5.7427429e+00  -9.7050126e+00
   7.0494781e+00  -7.0948640e+00
   4.3174975e+00  -1.3923931e+01
   5.5645635e+00  -1.1827738e+01
   3.3178466e-01  -5.2870611e+00
   5.6959874e+00  -1.4037861e+01
   4.1125033e+00  -9.1246659e+00
   4.2552687e+00  -1.5273233e+01
   2.2106298e+00  -1.4879436e+01
   4.0867407e-01  -3.9246970e+00
   2.3375046e+00  -1.2930283e+01
   2.1276190e+00  -1.4681246e+01
   6.9861694e-01  -1.4184033e+01
   3.7329389e+00  -1.3404466e+01
   3.2215796e+00  -6.6267120e+00
   6.3440953e+00  -1.1299412e+01
   5.6171875e+00  -9.8824872e+00
   7.6328257e+00  -1.0126535e+01
   1.8223460e+00  -1.5976426e+01
   4.8146335e-01  -4.6913205e+00
   4.9589773e+00  -1.1192192e+01
   2.1760943e+00  -1.1916173e+01
   1.2415860e+00  -3.9807822e+00
   3.1029338e+00  -1.3732881e+01
   2.7222510e+00  -1.4015993e+01
   4.0772978e+00  -1.3360206e+01
   4.2792816e+00  -7.3950119e+00
   5.3881938e+00  -8.2827952e+00
   2.0992669e+00  -1.0764384e+01
   8.1699492e-01  -6.0015824e+00
   2.3801198e+00  -6.0622873e+00
   1.0007359e+00  -1.6158587e+01
   2.8297632e+00  -5.2930184e+00
   6.6225358e+00  -1.2435928e+01
   3.4199280e+00  -1.0588742e+01
   1.5546993e-01  -1.5394287e+01
   3.5930216e+00  -1.2968874e+01
   2.1546887e+00  -1.1649583e+01
   5.1783634e+00  -1.1159416e+01
   5.2888179e+00  -6.1234183e+00
   1.4121204e-01  -1.4338220e+01
   3.4729638e+00  -1.3768970e+01
   4.3516384e+00  -1.1391660e+01
   1.5663795e+00  -1.5541205e+01
   2.5158436e+00  -3.4328964e+00
   3.4268135e+00  -1.0692695e+01
   4.6841926e+00  -1.3209468e+01
   2.2800562e+00  -6.2987109e+00
   5.2539019e+00  -6.4896094e+00
   6.9939822e+00  -9.3296957e+00
   2.4978148e+00  -1.4002628e+01
   8.3934774e-01  -7.4969077e+00
   2.4272903e+00  -6.4291115e+00
   6.4374738e+00  -1.2337554e+01
   4.6614082e+00  -1.0308006e+01
   4.8237156e+00  -8.3077253e+00
   4.2550835e+00  -7.7997602e+00
   3.5903278e+00  -6.1154266e+00
   3.8957623e+00  -1.0645802e+01
   4.9632979e+00  -7.6073933e+00
   4.4555611e+00  -1.3672230e+01
   3.8432897e+00  -1.0692101e+01
   3.5167893e+00  -1.3556700e+01
   2.1827197e+00  -1.4230502e+01
   2.6636933e+00  -1.3512488e+01
   1.9488493e+00  -2.9493506e+00
   4.6149878e+00  -8.7746885e+00
   3.5284756e+00  -7.5481325e+00
   2.5105910e+00  -4.8138982e+00
   4.2573725e+00  -1.0181000e+01
   3.4477869e+00  -1.1857076e+01
   5.7725108e+00  -1.1508346e+01
   2.2821777e+00  -1.5832962e+01
   5.3578603e+00  -9.6871439e+00
   4.2572033e-01  -5.2438835e+00
   4.0662836e+00  -1.2420808e+01
   3.7711793e+00  -1.2086052e+01
   3.1753358e+00  -5.5749255e+00
   2.7618991e+00  -1.5035118e+01
   3.0048894e+00  -1.5496786e+01
   1.4119177e+00  -1.2499666e+01
   7.8551927e-01  -7.1515144e+00
   2.8463101e+00  -6.6670099e+00
   5.0635147e+00  -1.1133725e+01
   2.8172635e+00  -1.2659671e+01
   4.1749690e+00  -8.3106834e+00
   2.6986515e-01  -4.1806491e+00
   4.8590477e+00  -7.7705078e+00
   2.9194122e+00  -1.3247864e+01
   2.8367188e+00  -6.4706130e+00
   5.7394877e-02  -1.5365329e+01
   4.4462844e+00  -3.9837875e+00
   3.6929199e+00  -1.4834018e+01
   3.4486922e+00  -1.4761482e+01
   3.7455316e-01  -4.6911884e+00
   3.7671410e+00  -8.4662712e+00
   6.7481101e-01  -1.3851075e+01
   1.4906195e+00  -1.3109254e+01
   3.5771551e+00  -1.1065610e+01
   3.8298938e+00  -5.4248197e+00
   2.4265261e+00  -1.4324350e+01
   4.3577049e-01  -1.5281162e+01
   2.0380870e+00  -5.9576521e+00
   2.9404702e+00  -1.2886883e+01
   4.5735899e+00  -1.1563391e+01
   3.9224088e+00  -7.3829078e+00
   1.9979210e+00  -5.3434174e+00
   4.0996792e+00  -7.3804640e+00
   2.0241287e+00  -1.4329714e+01
   5.7981659e+00  -8.5696000e+00
   4.2471503e+00  -7.2213402e+00
   3.7447435e+00  -1.2439723e+01
   3.8683978e+00  -9.8561054e+00
   5.8022048e+00  -1.0991974e+01
   5.5967636e+00  -9.6446838e+00
   2.2494923e+00  -1.1006919e+01
   4.4914318e+00  -7.6703248e+00
   1.8083458e+00  -5.7643460e+00
   2.1239106e+00  -5.1764627e+00
   5.5199213e+00  -9.4816335e+00
   5.3829074e-01  -5.8115178e+00
   4.4394878e+00  -8.6948320e+00
   2.3194722e-01  -1.3161279e+01
   2.8001790e+00  -1.4344770e+01
   4.3412057e+00  -1.0445242e+01
   5.7909376e+00  -7.8446157e+00
   2.3367144e+00  -1.4979787e+01
   2.3620187e+00  -1.3010344e+01
   1.1708124e-01  -6.2477403e+00
   4.8483103e+00  -1.2866442e+01
   3.1603965e+00  -1.0749968e+01
   2.2371333e+00  -1.4521295e+01
   4.1856588e+00  -9.3944461e+00
   2.0610449e+00  -1.6933066e+01
   4.8024189e+00  -1.0995226e+01
   1.5951655e+00  -1.5927581e+01
   4.2876289e+00  -9.2529054e+00
   2.4321946e-01  -1.4338734e+01
   3.9733343e+00  -8.0673270e+00
   4.9801016e+00  -1.1753046e+01
   2.6126270e+00  -1.1582566e+01
   2.7127109e+00  -1.2471201e+01
   5.7613644e+00  -9.8138997e+00
   3.8692290e+00  -1.0544353e+01
   2.6871903e+00  -6.0359068e+00
   4.7050021e+00  -1.0484726e+01
   5.5038367e+00  -9.6796540e+00
   2.3574210e+00  -1.3179454e+01
   5.5093761e+00  -8.5735117e+00
   3.6962244e+00  -8.8284920e+00
   3.1831373e+00  -8.2944919e+00
   4.7554391e+00  -8.7553783e+00
   3.0183539e+00  -6.7069151e+00
   1.9574984e+00  -1.3468238e+01
   2.5328730e+00  -5.4012575e+00
   5.1648406e-02  -5.5337454e+00
   5.2705043e+00  -7.0995898e+00
   1.8009896e+00  -1.4416352e+01
   5.3903218e+00  -8.4864173e+00
   3.0437095e+00  -1.6152342e+01
   4.8484227e-01  -6.9560027e+00
   2.7425930e+00  -7.3922254e+00
   2.4514500e+00  -4.2052480e+00
   1.8889853e+00  -1.3321609e+01
   4.9146376e+00  -1.0405673e+01
   4.6399581e+00  -1.2426342e+01
   4.7065341e+00  -1.3462267e+01
   4.2654530e-01  -1.3361286e+01
   4.4049471e+00  -1.1718466e+01
   1.6930795e+00  -1.3848172e+01
   2.3052702e+00  -1.4782017e+01
   4.5146442e+00  -1.1755495e+01
   4.9303107e+00  -7.7399992e+00
   3.6718313e+00  -5.5517076e+00
   4.9452996e+00  -1.1140239e+01
   2.1578537e+00  -1.3616312e+01
   5.6250226e+00  -1.2504022e+01
   2.3201727e-01  -6.6762720e+00
   5.3822320e+00  -1.0691906e+01
   2.0977370e+00  -4.9742506e+00
   2.4820369e+00  -1.4793279e+01
   4.9229760e+00  -1.0899840e+01
   1.1449772e+00  -5.4939871e+00
   3.0477904e-01  -5.0592541e+00
   4.1626451e+00  -1.0478846e+01
   4.4816425e+00  -1.2382099e+01
   3.5702568e+00  -1.4619289e+01
   3.5624504e+00  -1.2320599e+01
   1.9502949e+00  -4.1333444e+00
   1.0225758e+00  -1.4531899e+01
   2.2854610e+00  -1.2315472e+01
   2.9606534e-01  -1.4739468e+01
   6.3870826e-02  -3.5274039e+00
   2.2393034e+00  -1.6882244e+01
   1.1953634e+00  -5.4125675e+00
   2.5302917e+00  -1.5650914e+01
   2.4752370e+00  -1.3295680e+01
   2.4946221e+00  -1.4400701e+01
   2.6390248e+00  -6.8694511e+00
   5.7770096e+00  -8.8953254e+00
   4.7931062e+00  -7.2638420e+00
   2.9206403e+00  -3.0379197e+00
   5.4947974e+00  -8.0250926e+00
   1.0188024e+00  -4.7631230e+00
   3.5527321e+00  -1.2835803e+01
   3.2185371e+00  -6.4652027e+00
   2.3307240e+00  -1.4598336e+01
   3.8105207e+00  -8.4999603e+00
   3.6846197e+00  -8.4980859e+00
   2.5849017e+00  -6.2384974e+00
   5.3285406e+00  -1.3432144e+01
   5.3957116e+00  -1.2779659e+01
   4.1996782e+00  -1.4106473e+01
   1.2320119e+00  -5.1062081e+00
   4.6612147e+00  -6.5348184e+00
   5.0964215e+00  -6.1427129e+00
   2.4548433e+00  -1.4794908e+01
   4.3298319e+00  -6.7759265e+00
   1.6768085e+00  -1.7102856e+01
   9.3972263e-01  -1.5643291e+01
   4.1599767e+00  -9.6906436e+00
   4.3975758e+00  -7.7671952e+00
   3.3835236e+00  -1.3756565e+01
   2.1561225e+00  -1.4576923e+01
   3.6266180e+00  -1.3921127e+01
   1.2974594e+00  -6.8905759e+00
   2.3533969e+00  -4.9686660e+00
   4.2615740e+00  -7.8014248e+00
   1.8583508e+00  -5.5476002e+00
   5.3203211e-01  -5.3570136e+00
   7.9030059e-01  -5.3370599e+00
   1.8206221e+00  -5.1204315e+00
   3.6808988e+00  -9.5622525e+00
   2.6963111e+00  -5.9462736e+00
   2.9042373e+00  -1.3044390e+01
   5.2333467e+00  -1.2383771e+01
   4.0585051e+00  -7.4682637e+00
   3.0936506e+00  -1.4341142e+01
   2.9148914e+00  -1.4160999e+01
   4.7246022e+00  -9.2458944e+00
   3.2560540e-01  -1.5632040e+01
   2.9702874e+00  -1.5362396e+01
   3.6625908e+00  -9.5936701e+00
   5.1880478e+00  -1.1192091e+01
   4.0317229e+00  -1.1211401e+01
   2.3470367e+00  -5.9661037e+00
   3.0297112e+00  -1.4377732e+01
   5.5827820e+00  -6.4586358e+00
   1.3495663e+00  -4.8565564e+00
   4.3352748e-01  -1.2966330e+01
   2.6968614e+00  -3.1346841e+00
   4.9177931e+00  -1.1223525e+01
   4.6251938e+00  -1.0648112e+01
   5.2771182e+00  -7.9605439e+00
   4.7427513e+00  -5.4697161e+00
   6.2620895e-02  -5.0315702e+00
   1.4374729e+00  -3.7590112e+00
   3.2124229e-01  -1.5344785e+01
   3.6892798e+00  -1.1444248e+01
   4.1035025e+00  -7.7942705e+00
   4.3526176e-01  -1.4896918e+01
   5.5138067e+00  -7.9849890e+00
   5.6416919e+00  -9.5749086e+00
   4.3827406e+00  -8.2179080e+00
   2.1550144e+00  -1.4600400e+01
   4.8887789e+00  -1.0754675e+01
   4.8182007e+00  -1.1413503e+01
   1.3450084e+00  -5.4276165e+00
   5.3576845e+00  -1.1719763e+01
   3.4920899e+00  -1.5113044e+01
   2.5435177e+00  -6.0848586e+00
   5.6302610e+00  -1.1397629e+01
   3.2062067e+00  -1.1202464e+01
   4.7003960e+00  -6.2078256e+00
   4.9333783e+00  -8.3063419e+00
   1.0377070e+00  -1.3947951e+01
   2.3432818e+00  -1.5396111e+01
   3.4016737e+00  -1.1499144e+01
   4.5372667e+00  -9.1335293e+00
   4.0312090e+00  -6.2099301e+00
   2.7565748e-01  -5.0047167e+00
   6.5856957e+00  -1.0294450e+01
   5.2910131e-03  -1.4316015e+01
   3.2084255e+00  -6.0802822e+00
   3.4718327e+00  -1.1808061e+01
   2.5004101e+00  -1.1866499e+01
   2.7553754e+00  -5.2893876e+00
   1.3100029e+00  -1.4121776e+01
   3.0915979e+00  -1.1293789e+01
   4.6081666e+00  -7.8268727e+00
   6.3471460e-01  -1.5906331e+01
   3.8250799e+00  -1.2437869e+01
   8.6686024e-01  -2.8388120e+00
   4.1997813e+00  -7.5799942e+00
   1.5607368e+00  -1.5601732e+01
   3.7356979e+00  -1.3607357e+01
   2.9411525e+00  -1.6113067e+01
   3.6566247e+00  -1.3077819e+01
   3.3384366e+00  -6.0550761e+00
   4.6117066e+00  -6.4694068e+00
   6.0652045e+00  -7.9675283e+00
   5.3485606e-01  -1.4296882e+01
   1.8929656e+00  -6.4062224e+00
   3.6973053e+00  -1.4200647e+01
   5.1520684e+00  -1.0079913e+01
   3.3482624e-01  -1.3534462e+01
   2.9179288e+00  -8.5368771e+00
   4.5565714e+00  -1.1473509e+01
   4.1268807e+00  -5.3920000e+00
   4.8533096e+00  -1.1853746e+01
   1.7533626e+00  -5.0613389e+00
   5.3696346e+00  -1.1600489e+01
   5.1860476e+00  -1.2113276e+01
   1.5856489e+00  -1.5558757e+01
   2.0622458e-01  -6.2361476e+00
   1.0390649e+00  -5.8617127e+00
   5.1851742e+00  -1.0623543e+01
   5.4806265e+00  -8.9283152e+00
   4.1652014e+00  -1.0086520e+01
   8.4261793e-02  -5.5472910e+00
   3.4361478e-01  -1.4250634e+01
   2.7479535e+00  -1.2588374e+01
   3.3508611e+00  -1.2022223e+01
   2.4020671e+00  -1.5910330e+01
   3.5272969e+00  -6.5617302e+00
   4.8873563e+00  -7.8966921e+00
   3.0749866e+00  -1.4328997e+01
   4.0678473e+00  -1.0465029e+01
   4.2537457e+00  -1.3847371e+01
   4.9485233e-02  -1.4348813e+01
   2.0648889e+00  -1.5425503e+01
   5.4993742e+00  -8.9703401e+00
   1.7416813e+00  -5.0519156e+00
   1.5551119e+00  -5.1514030e+00
   5.5819340e+00  -5.9476252e+00
   3.7994232e+00  -1.4207883e+01
   5.3020813e+00  -9.5071818e+00
   2.6256389e+00  -6.2699532e+00
   4.4298070e+00  -6.7854691e+00
   6.1602401e-03  -1.4773887e+01
   2.1196744e+00  -1.1697325e+01
   2.2359191e+00  -1.3759448e+01
   3.0796411e+00  -1.4149431e+01
   1.4593866e+00  -1.4760811e+01
   4.8372424e-01  -1.3961822e+01
   4.6524651e+00  -1.1619693e+01
   3.7581138e+00  -1.4171081e+01
   1.9496499e+00  -1.5278702e+01
   4.9917624e+00  -1.1058685e+01
   4.4569288e+00  -1.3637689e+01
   1.8459179e+00  -6.2411455e+00
   6.4960605e-01  -1.5916342e+01
   2.1107949e-01  -6.1890186e+00
   8.5517185e-01  -3.9666403e+00
   2.4819662e-01  -4.9422156e+00
   2.2157899e+00  -6.5372842e+00
   9.1997455e-01  -1.6722867e+01
   4.0160976e+00  -1.3073428e+01
   4.5836291e+00  -6.1520391e+00
   1.1035665e+00  -1.3243019e+01
   8.7202240e-01  -5.7625435e+00
   6.0638107e+00  -1.0790030e+01
   2.2171055e-01  -4.5153805e+00
   6.8809984e+00  -1.1906457e+01
   2.9638582e+00  -5.6345253e+00
   6.2889834e-01  -1.3986379e+01
   3.8536967e+00  -8.5278654e+00
   5.9749845e+00  -1.1879409e+01
   3.3274654e+00  -8.8989436e+00
   3.7177502e+00  -1.4178797e+01
   2.0920414e+00  -6.4637107e+00
   9.4471013e-01  -1.4268900e+01
   3.0580203e+00  -1.3413995e+01
   4.8880616e+00  -1.0201418e+01
   7.9597663e-01  -5.0151878e+00
   6.0750889e-01  -1.2802994e+01
   5.6808347e+00  -1.1007686e+01
   3.0736141e+00  -1.4001055e+01
   2.5476645e+00  -6.3053367e+00
   4.1782433e+00  -9.9410812e+00
   3.2147678e+00  -6.3895360e+00
   3.6960586e+00  -1.4400126e+01
   2.3717314e+00  -6.7411218e+00
   7.6191809e-01  -1.6304445e+01
   3.1306326e+00  -7.2062192e+00
   5.5729078e-01  -6.0860881e+00
   4.2303951e+00  -1.2447909e+01
   3.9831071e+00  -1.2398599e+01
   5.2849669e+00  -9.0054545e+00
   1.6616664e+00  -8.5480240e+00
   3.5199039e+00  -1.2479363e+01
   2.4600557e+00  -6.1830115e+00
   2.5940981e+00  -6.1464659e+00
   5.1065574e+00  -1.0218149e+01
   5.0001106e+00  -1.1082785e+01
   1.7487135e+00  -1.3702260e+01
   3.4515468e+00  -9.1664878e+00
   3.6951155e+00  -1.4984312e+01
   5.5188336e+00  -1.1460908e+01
   3.0693730e+00  -1.4115757e+01
   4.3201662e+00  -7.1509291e+00
   2.3699561e+00  -5.9621504e+00
   4.1962723e+00  -1.3375415e+01
   5.8201512e+00  -1.2474372e+01
   4.7969354e+00  -9.1351860e+00
   6.1286239e+00  -1.3421635e+01
   1.4392959e+00  -5.4219723e+00
   4.1481471e+00  -1.4574343e+01
   2.3713565e+00  -1.0739157e+01
   5.3393998e+00  -1.3246603e+01
   7.6522797e+00  -1.2615193e+01
   3.6685029e+00  -1.3027757e+01
   5.4599479e+00  -7.3839517e+00
   3.6439474e+00  -1.2807018e+01
   4.6328848e-01  -5.6870595e+00
   4.3865087e+00  -1.1340742e+01
   2.4096161e+00  -1.3110923e+01
   2.9336834e-01  -1.3881865e+01
   2.3851934e+00  -7.3851733e+00
   4.5783066e+00  -1.0855109e+01
   1.4459745e+00  -1.4707482e+01
   4.6229860e-02  -1.4359626e+01
   2.1797001e+00  -1.2747043e+01
   2.2947569e+00  -7.0844164e+00
   2.7061326e+00  -5.7582634e+00
   2.6274488e+00  -1.5223035e+01
   2.2698970e+00  -8.9641470e+00
   5.7964768e+00  -8.4466070e+00
   3.4268691e+00  -1.4532329e+01
   3.9186594e+00  -7.0479141e+00
   4.3527538e-02  -4.5521521e+00
   2.7731809e+00  -5.5114946e+00
   2.4413208e+00  -7.2590560e+00
   3.4960471e+00  -1.1266320e+01
   8.0441186e-02  -1.6060474e+01
   5.9855926e+00  -1.1348876e+01
   5.1849747e+00  -1.3118957e+01
