8.8893511e+00 7.0175457e-01
-3.1941517e+00 9.6422253e+00
8.3290308e+00 -1.8573220e+00
8.5519355e+00 6.3866357e+00
-8.5330785e+00 -5.8795063e+00
-1.0405683e+01 2.0543488e+00
-2.0537246e+00 -9.8626362e+00
7.0022422e+00 -8.5875751e+00
3.6761536e+00 8.5834911e+00
-1.0184038e+01 2.4534344e+00
9.2318786e+00 -6.4192114e+00
9.9330641e+00 1.3885101e+00
6.9856586e-01 -1.0668854e+01
2.6464797e+00 -8.9305192e+00
-3.8882708e+00 9.1662734e+00
7.5179608e-01 8.4188490e+00
-8.9227648e+00 3.1117783e-01
-3.8693182e+00 -8.9808338e+00
7.8256010e+00 -2.8377523e+00
-7.7055907e+00 3.0894617e+00
-9.8901923e+00 1.5944805e-01
7.8960527e+00 5.6327096e+00
-8.1316678e+00 -2.8951577e+00
-9.8731207e+00 4.2214393e+00
4.0165265e+00 8.7146181e+00
6.1692821e+00 8.9336242e+00
1.2203554e+01 -5.3970250e+00
6.9637905e+00 8.0266481e+00
1.1279133e+01 -1.0311733e-01
-3.3747829e+00 -8.6218057e+00
1.0705200e+01 -2.6740118e+00
1.4968243e+00 -9.2616002e+00
1.0423655e+01 4.7426574e-02
-4.9749098e+00 9.6927289e+00
-9.3900817e+00 -2.6708148e+00
-3.4318016e+00 9.2563700e+00
-5.1438609e+00 -9.7452314e+00
-6.6470826e+00 9.6872059e+00
1.0905929e+01 -1.3360290e+00
-5.8224103e+00 7.6075257e+00
9.5937526e+00 1.1823114e+00
3.5119550e+00 -8.4407755e+00
9.1746669e+00 -9.9454961e-01
-4.3429736e+00 1.0609886e+01
-8.0333379e+00 7.6481636e+00
-1.2112605e-01 -9.7824451e+00
-1.0691052e+01 4.0144933e+00
8.6015598e+00 6.2404443e+00
1.2208389e+01 -5.6631951e-01
-8.4825686e+00 -1.9668255e+00
7.4108342e+00 8.3579672e+00
5.9857611e+00 6.4794428e+00
6.1927033e+00 -7.1144241e+00
-2.8970258e+00 -1.0795337e+01
1.0225086e+01 -1.1303296e-01
4.3192663e+00 -9.8524137e+00
1.8411843e+00 -8.9645055e+00
1.0133480e+00 -1.1816147e+01
8.2401952e+00 -5.6019049e+00
1.0039623e+01 7.5994852e+00
2.2179622e+00 9.0406422e+00
4.9976859e+00 -6.7807023e+00
-4.1490841e-01 -9.3806995e+00
-8.5849643e+00 5.8287387e+00
-3.8213173e+00 1.0605374e+01
-9.2848425e+00 1.5187556e+00
7.5238102e+00 9.6666947e+00
-9.9773634e+00 3.5496351e-01
-1.0544021e+01 -2.0199112e+00
-9.3397714e+00 -6.0189271e-01
1.6147178e+00 1.1329857e+01
8.1137243e+00 -3.5114904e+00
-1.0620353e+01 -1.1854735e+00
-1.0380783e+01 2.7167789e+00
1.7581368e+00 -1.0366474e+01
-1.1881977e+00 -1.1635310e+01
-7.4601472e+00 -5.5925871e+00
1.2563810e+01 4.6960291e+00
8.6389327e+00 4.1987822e+00
-7.3745079e+00 -8.4373094e+00
7.3495446e+00 -7.2273776e+00
-8.5429068e+00 4.1864952e+00
-2.4984006e+00 -9.3406092e+00
9.7455510e+00 4.6001357e+00
9.5980374e+00 1.1552796e+00
-1.2079861e+01 -6.3129184e-01
7.0832997e+00 -7.5995893e+00
2.8073639e+00 -8.9159494e+00
3.0270833e+00 -9.4712579e+00
3.4618257e+00 9.8308187e+00
-2.2031569e+00 -9.6775080e+00
2.3524870e+00 1.0527040e+01
2.2426006e+00 -9.6045929e+00
4.9979261e+00 9.3890986e+00
3.1499495e+00 1.1141336e+01
-9.7217796e+00 2.2068234e+00
9.2058054e+00 4.6561461e+00
-9.8449847e+00 -6.8345417e+00
3.3895947e+00 8.7192872e+00
9.4603509e+00 -4.1067547e+00
-4.0984631e+00 1.0843691e+01
-8.7692929e+00 2.1407778e+00
4.2525782e+00 -7.7638954e+00
-2.6384304e+00 8.0964454e+00
-2.2675361e+00 -8.7447040e+00
8.8860376e+00 4.4996425e+00
1.0682579e-02 -7.8780431e+00
-8.0082693e+00 1.5848166e+00
7.9564069e+00 -2.8693422e+00
9.7269911e+00 8.5623693e-01
1.0556283e+01 3.7405779e+00
-7.2273663e-01 -9.9405892e+00
-6.2298769e+00 -7.1171905e+00
9.0129375e+00 -4.1741120e+00
-1.1889145e+01 2.9762416e+00
-1.0178890e+01 -8.2619457e-01
-9.0628097e+00 4.6550123e+00
-8.8825225e+00 5.1842698e+00
-6.4662754e+00 5.4713281e+00
4.6966579e+00 -6.0128766e+00
3.5287150e+00 -7.1439528e+00
9.6184100e+00 -5.7775589e+00
4.9589126e+00 -8.2611470e+00
6.3298040e+00 -6.9049784e+00
1.5651521e+00 -9.6513599e+00
-9.2634954e+00 4.2227794e+00
-1.0030493e+01 4.2586678e+00
1.4096789e+00 8.6554687e+00
1.0090650e+01 8.3782334e-01
-7.6882307e+00 7.5954404e+00
4.7190877e+00 -7.5867157e+00
-1.8040260e+00 7.7845828e+00
-2.1797449e+00 1.0008554e+01
-4.7255694e+00 8.9822393e+00
-1.2467191e+01 1.8776219e+00
1.4952897e+00 9.8337434e+00
9.7021264e+00 -2.3611358e+00
-3.2939594e+00 8.8928210e+00
2.0256769e+00 -1.1022731e+01
8.0024052e+00 -6.1797696e+00
-2.7353568e-01 1.1690273e+01
6.3701719e+00 8.2931355e+00
-6.0176438e+00 9.2881139e+00
-1.0442034e+00 -9.8170478e+00
9.9582951e+00 2.1514239e+00
-9.1803075e+00 -2.6195758e+00
-8.7545306e+00 -3.3676241e+00
-3.9040446e+00 -7.0681228e+00
-7.4097221e+00 -4.3149321e+00
-4.0240188e+00 -9.4466373e+00
9.6625249e-01 -9.5888233e+00
7.2154057e+00 -5.4059958e+00
1.1118469e+01 -2.3543238e+00
9.0181874e+00 -6.0632449e+00
4.1522936e+00 8.6234294e+00
1.0871712e+01 -1.4784754e+00
7.0986419e+00 -5.2960100e+00
1.1843218e+01 2.2100029e+00
-2.0000360e+00 9.8059174e+00
4.0875687e+00 9.9390457e+00
-8.1732648e+00 -6.6543834e+00
2.3514098e+00 9.0063053e+00
1.1082941e+01 -1.5775998e-01
1.0570479e+01 1.1173921e+00
-8.5868253e+00 3.4229927e+00
6.1014488e+00 8.2222820e+00
-6.3575644e+00 -6.0797819e+00
2.6600470e-01 -9.6881238e+00
-1.6168028e+00 8.3061941e+00
-9.2432949e+00 -1.5940500e+00
-3.7412434e+00 9.0417071e+00
4.6085164e+00 1.0078284e+01
1.7964307e+00 -9.6634342e+00
3.3565854e+00 -8.5547708e+00
-1.6679970e+00 -9.8541140e+00
8.4813668e+00 2.4819598e+00
-7.0814213e+00 -6.1099118e+00
-5.9042162e+00 9.9527900e+00
-8.7561221e+00 -5.0942483e+00
7.8610572e+00 -4.7713307e+00
-9.8972488e+00 -7.9133416e-02
-8.1067061e+00 4.6233393e+00
2.8419596e+00 -8.8491729e+00
7.5593460e+00 -6.2050539e+00
-9.5157630e+00 -8.0026510e-01
-7.8025370e+00 6.4774399e+00
1.0498824e+01 -4.8890064e+00
-1.9814897e+00 9.4984588e+00
1.2055279e+00 -9.5731407e+00
-1.5263268e+00 -1.0764876e+01
9.3006811e+00 -5.5313725e+00
8.3275611e+00 6.5539324e+00
7.6927878e+00 -6.4510033e+00
-7.3378296e+00 -4.9895104e+00
1.0651667e+01 8.1002405e-01
7.1362477e-01 9.7018992e+00
7.2489357e+00 7.1246501e+00
6.9766987e+00 -6.4871540e+00
4.0441064e+00 -9.6376746e+00
8.1439816e-01 -9.6947773e+00
3.4922976e+00 -8.7582444e+00
-3.5442817e+00 -7.8174569e+00
-6.3315558e+00 -6.3158271e+00
-7.9506881e+00 8.6741381e+00
3.5397947e+00 1.1578780e+01
-1.4072399e+00 8.8664962e+00
-9.8214942e+00 1.1440659e+00
-8.1481587e+00 5.9050375e+00
-2.8229483e+00 -9.1344264e+00
-5.1304910e+00 1.0665164e+01
1.0074336e+01 3.1654378e+00
1.6119019e+00 -9.2405198e+00
-8.2649458e+00 -2.8822084e+00
9.1942352e+00 4.1687100e+00
-1.0063503e+01 2.4180960e-01
4.4433610e+00 -7.3956191e+00
-1.0355073e+01 2.5940458e+00
1.8860063e+00 -9.8782254e+00
-1.1307963e+01 5.8712520e-01
-3.2673671e+00 -9.2048130e+00
1.0468763e+01 -9.8548142e-01
-5.6442593e+00 7.4516848e+00
-7.2135721e+00 -6.9458995e+00
-1.1157080e+01 -1.1179026e+00
4.5339360e+00 -1.0471482e+01
-1.0062726e+01 6.9252985e-01
-1.4581420e+00 -1.2460322e+01
-2.4308920e+00 -9.6116002e+00
5.7095095e+00 -9.7362216e+00
1.0223531e+01 7.0283321e-01
9.2247775e+00 2.8936519e+00
-1.1843806e+01 -9.4313697e-02
-2.6639081e+00 9.9361830e+00
9.6942426e+00 8.4223043e-01
2.6903350e+00 -9.4419769e+00
9.4180394e+00 4.2369351e+00
-3.6892937e+00 9.2877562e+00
-5.3930495e+00 8.4974470e+00
4.0051710e+00 -8.9788652e+00
9.0348643e+00 2.4829863e-01
-9.9645066e+00 3.8736666e-01
-6.3986916e+00 -5.5312552e+00
-6.9187689e+00 6.9991173e+00
3.2201734e+00 9.5635558e+00
8.1702177e+00 -6.3319106e+00
1.0881774e+01 -9.0124353e-01
7.7835845e+00 -4.1663821e+00
-6.9233156e+00 5.4109859e+00
-6.2920759e+00 -1.0237026e+01
-1.2302885e+01 -3.1679019e+00
2.6428067e+00 1.0590752e+01
-3.2133490e+00 8.8677019e+00
1.0552209e+01 8.9070471e-01
1.0188703e+01 2.9212414e-01
7.9089473e+00 -6.0810378e-01
3.8120870e+00 -9.3194220e+00
1.2629878e+00 -9.7966843e+00
8.5824660e+00 -5.9688155e+00
7.1908590e+00 7.0809289e+00
5.3489234e+00 3.6884095e+00
-8.4087408e+00 -2.8181481e+00
8.5250715e+00 3.4930734e-01
6.4822984e+00 6.5390213e+00
7.6477807e+00 2.7957809e+00
7.7434462e-01 -9.7035689e+00
8.1783610e+00 3.9367813e+00
-2.0992930e+00 -1.0377683e+01
5.9106102e+00 7.1821081e+00
-7.9097777e+00 -7.0353306e+00
-8.4735328e+00 1.5332863e+00
-8.0713843e+00 -5.2576208e-01
-5.0640735e+00 7.4472214e+00
9.1424095e+00 5.3880566e+00
-4.0629197e-01 1.1141334e+01
-9.2672391e+00 -1.5019417e+00
7.3374958e+00 8.9304345e+00
7.1807075e+00 6.7832280e+00
-1.0120854e+01 -1.7418556e-01
-2.1723804e+00 9.4632831e+00
7.2019134e+00 6.1094370e+00
-1.0261752e+01 -2.9829564e-03
-7.6115990e+00 7.3390570e+00
-1.2614587e+00 9.7111374e+00
7.0403969e+00 -1.9645526e+00
-1.1736361e+01 3.1657339e+00
2.8286496e-01 9.0381460e+00
5.7737691e+00 -1.0431373e+01
-3.6124576e+00 1.0407159e+01
7.1651328e+00 1.5176365e+00
9.9642537e+00 -7.8046709e-01
-1.0168368e+01 1.2990895e+00
-8.5878558e+00 -6.5357737e+00
-1.0537094e+01 -1.0795300e+00
1.0469693e+01 -1.5061043e+00
1.8114342e-01 1.0289108e+01
-5.1177232e+00 -9.0640103e+00
7.0549752e+00 9.3024674e+00
-8.7009452e+00 5.9033848e+00
6.1633015e+00 7.6489198e+00
-5.5870005e+00 8.3053863e+00
-1.0112764e+01 -3.2810647e+00
9.6105338e+00 2.6247125e+00
1.0414055e+00 9.1481832e+00
-7.2074420e+00 5.3206517e+00
7.4765065e+00 7.0822433e+00
-1.0271964e+01 3.8718610e+00
1.0720536e+01 3.5917924e+00
1.0898988e+01 -2.2967476e-01
-3.1737578e+00 -8.7082324e+00
-8.1150461e+00 -7.1563397e+00
-6.6671231e+00 -6.0402186e+00
4.7431628e+00 -8.6613727e+00
8.5735774e+00 -1.1222173e+00
-1.0466246e+01 4.3402894e+00
5.9396835e+00 -8.5985877e+00
-8.7213370e+00 6.5839132e+00
-8.6629548e+00 4.7361796e+00
8.0206705e+00 -6.4682331e+00
-5.0449508e+00 7.3574335e+00
3.1200566e+00 -8.1158877e+00
8.9620569e+00 -3.2244385e-01
2.2892240e+00 -1.1579509e+01
6.1882367e+00 -8.3169454e+00
-5.1561105e+00 -8.1940975e+00
-1.3151799e+00 9.4049258e+00
5.1406750e-01 8.9252118e+00
-1.0098718e+01 5.0719518e+00
-8.9811207e+00 -6.3169388e+00
-9.1609828e+00 5.0332053e+00
1.1478411e+00 -1.0382567e+01
1.1149807e+01 1.8156649e+00
-3.9162588e+00 -1.0422070e+01
2.4759010e-01 -1.1459103e+01
8.6191418e+00 -2.5890064e+00
-7.1117517e+00 6.0877729e+00
1.0513931e+01 3.8717660e+00
-7.8607297e+00 7.8271964e+00
-6.0897890e+00 -9.2724909e+00
-3.0248343e+00 -9.6735211e+00
8.6336308e+00 5.5353024e+00
9.1607828e+00 -3.1051469e+00
-9.7242761e+00 -2.1639384e+00
9.6123460e+00 -6.0798347e+00
-3.7530362e+00 9.6003285e+00
-1.6091027e+00 -1.0116280e+01
-7.7394489e+00 6.9575797e+00
6.7104233e+00 -4.9483808e+00
1.0946263e+01 5.0203056e+00
-8.9069686e-01 9.4227975e+00
-8.6040375e+00 -8.5567264e+00
-4.2309802e+00 -9.0323763e+00
-8.7473632e-01 -1.0604051e+01
8.6800265e+00 -3.8876740e+00
-8.7281728e+00 -7.6629243e+00
-7.4238046e-01 -1.0084811e+01
-6.5532791e+00 -7.5784848e+00
5.0825961e+00 9.2635667e+00
-1.5545144e+00 1.1004068e+01
3.4305637e+00 -8.2898028e+00
-7.0992272e+00 4.9388803e+00
-5.7378466e+00 -9.0517900e+00
-2.3121600e+00 1.0030051e+01
8.0109958e+00 -1.9828138e+00
-9.7145623e+00 -5.0700517e+00
9.1939640e+00 -1.9565221e+00
-1.0445700e+01 -9.1600037e-01
7.3449145e+00 -8.4135862e+00
1.6887708e+00 1.0806355e+01
3.8398397e-01 9.3321296e+00
8.0183774e+00 -5.9165164e+00
-2.7700552e+00 -1.0567184e+01
1.1098322e+01 -1.7475512e+00
-1.0252293e+01 2.6622821e+00
-5.9601486e-01 -1.1522090e+01
-5.3292148e+00 -9.5465405e+00
1.0346589e+01 1.9476181e+00
-5.4731974e+00 7.4978732e+00
8.9566889e+00 5.0764946e+00
9.9801764e+00 4.0123070e+00
7.0083713e-01 -1.1034443e+01
-6.9375412e+00 -7.1888339e+00
-9.7188262e+00 -1.8835346e+00
1.1093673e+01 -7.4962254e-01
-3.6931075e+00 1.0685348e+01
4.2422460e+00 9.1193123e+00
-8.4394327e+00 -3.9228326e+00
-9.8051520e+00 2.0902405e+00
-7.9556267e+00 6.3959193e+00
1.0474792e+01 1.8218262e+00
-3.6504290e+00 5.6356640e+00
1.1359088e+01 -1.7005301e+00
-7.2856652e+00 -3.8245083e+00
1.1803053e+00 -9.0501921e+00
-5.9046673e+00 -6.0103382e+00
-9.7846201e-01 -9.1526518e+00
5.1248713e+00 6.9927401e+00
-8.9420760e+00 5.3155828e+00
1.0381392e+01 4.8044653e+00
6.8017679e+00 -6.0580542e+00
4.5926224e+00 -8.1115037e+00
-3.4931132e+00 8.0429048e+00
8.5745547e+00 -6.3913702e+00
1.7139569e-01 -8.8040459e+00
5.6916739e+00 8.1037857e+00
-1.9682179e+00 -8.9141045e+00
5.2337161e+00 -8.0623812e+00
2.1511360e+00 -1.0081600e+01
1.0680244e+01 -1.4566124e-01
-7.4169188e+00 -4.4567195e+00
-5.7160911e+00 6.8409767e+00
-6.4762131e+00 6.5656178e+00
9.2095232e+00 -7.4110949e-01
8.0205962e+00 -6.8757405e+00
3.6975821e+00 8.6384667e+00
3.3647693e-01 9.1212223e+00
1.4959538e-01 7.6041687e+00
4.4259771e+00 8.5288912e+00
-5.2748665e+00 9.0088447e+00
-9.0492891e+00 6.0486107e+00
-7.6319818e+00 -7.5155345e+00
7.4913991e+00 -5.5874605e+00
-3.9594031e+00 -8.3008487e+00
7.6738260e+00 8.3322107e+00
-7.2704272e+00 1.2505544e+00
1.0969471e+01 -2.2753935e+00
-1.0133312e+01 7.8768884e-02
-7.2024078e+00 5.4373599e+00
1.0504237e+01 -7.7867918e-01
1.0561152e+00 -9.1302008e+00
1.1118218e+01 -1.1818964e+00
7.9238565e-01 1.1735918e+01
-1.1439515e+01 2.4405985e+00
9.6069760e+00 2.1695564e+00
-7.3641217e-01 -9.0978626e+00
5.3578390e+00 -7.4040176e+00
-8.8984585e+00 -9.3706395e-01
5.7982243e+00 7.3398148e+00
1.3145194e+00 -7.6791037e+00
-9.8467438e+00 3.3744408e+00
5.3684185e+00 9.1379990e+00
-4.0460063e-01 9.7882207e+00
-1.1843994e+00 -9.0710401e+00
9.2874966e+00 3.7655937e+00
7.1147086e+00 6.1370776e+00
3.8250645e+00 -8.8941419e+00
-1.0269863e+01 2.5328268e+00
8.9188170e+00 -5.7555036e+00
6.9220924e+00 -5.2782949e+00
2.9246406e+00 1.0554480e+01
6.5957846e+00 -6.6713688e+00
7.0108691e-01 8.7614026e+00
-2.9576522e+00 -6.7535314e+00
8.3559440e+00 -2.1386749e+00
-8.9775706e+00 4.4627642e+00
4.2614756e+00 8.2571487e+00
-6.5173090e+00 4.9015289e+00
-5.2477496e+00 -9.6796665e+00
-1.1578902e+01 1.0899415e+00
-7.2810148e+00 6.6175338e+00
-9.5531176e+00 -4.0289644e+00
-1.1334449e+01 7.2116685e-01
5.3314829e+00 7.8574153e+00
-5.4100118e+00 -7.5604680e+00
-1.5298060e+00 -1.0509816e+01
9.8971263e+00 2.2854327e-01
8.0747179e+00 -5.1855789e+00
-5.0579438e+00 -8.1798937e+00
9.6394718e+00 3.1079338e+00
-1.0597316e+01 3.2802292e+00
5.3817432e+00 8.9829545e+00
-1.1075568e+01 2.0639801e+00
4.9781434e+00 -1.0006975e+01
6.0027522e+00 -8.2634445e+00
9.2932342e+00 -2.1247788e+00
3.5694378e+00 -8.5888804e+00
-9.4463895e-01 1.0419043e+01
2.9635334e+00 1.0533575e+01
9.4869620e+00 -4.3039921e+00
-8.2789106e+00 6.5613233e+00
8.5353916e+00 3.5274225e+00
8.7967577e+00 2.4841233e+00
7.7257058e+00 2.9818407e-01
4.7706053e+00 -1.0634859e+01
7.7568302e+00 -4.5754932e+00
-5.4307509e-01 -1.0329533e+01
3.2117143e+00 1.0758309e+01
9.9695311e-01 1.0019880e+01
6.7720914e+00 -5.0188383e+00
1.9264992e+00 -7.9683391e+00
4.6135374e+00 1.0300054e+01
-9.0533235e+00 -3.2641541e-01
9.5455512e+00 3.8478302e+00
7.2160371e+00 8.2143244e+00
1.1206143e+01 1.5763384e+00
7.0649148e+00 -7.5399792e+00
-7.9234590e+00 -6.9081576e+00
-5.3397042e+00 8.5151646e+00
-3.9996495e+00 -9.3490898e+00
1.9446841e+00 9.3551801e+00
1.1022091e+00 9.4041340e+00
